      971        0        2        0        1        3        4        0        2        1
        0     1124        0        0        0        0        3        7        0        6
        1        2     1012        4        4        0        3       14        3        0
        0        2        2      995        0       13        0        2        3       10
        0        0        2        0      949        2        5        2        2       10
        2        1        1        2        0      862        5        0        8        6
        3        1        0        0        8        2      934        0        1        1
        1        0        8        6        1        0        0      988        3        8
        2        4        5        3        1        8        3        3      950        8
        0        1        0        0       18        2        0       12        2      959

   99.082   99.031   98.062   98.515    96.64   96.637   97.597   96.109   97.536   95.045      


     9744      255    97.45%        
