      971        0        8        0        2        6        6        1        7        5
        1     1124        1        1        0        2        3       13        4        7
        1        3      999        5        3        1        0       14        5        0
        1        2        2      982        0       14        1        1       13       11
        0        0        2        1      937        1        4        2        8        9
        1        0        0        4        0      849        8        0        8        2
        3        3        4        0        8        7      934        0        5        1
        1        1       11        8        7        2        0      981        9       14
        1        2        5        7        2        6        1        1      908        4
        0        0        0        2       23        4        0       15        7      956

   99.082   99.031   96.802   97.228   95.418   95.179   97.597   95.428   93.224   94.747      


     9641      358    96.42%        
