      969        0        3        0        1        3        6        1        5        2
        0     1122        2        0        0        0        2        8        0        4
        2        2     1013        4        3        0        1       14        2        0
        0        3        2      991        0        5        1        3        2        7
        0        0        1        0      953        1        2        2        2       11
        2        1        1        5        0      873        4        1        5        5
        4        2        1        0        6        4      940        0        1        1
        1        1        5        5        2        0        0      985        2        3
        2        4        4        3        2        3        1        2      954        4
        0        0        0        2       15        3        0       12        1      972

   98.878   98.855   98.159   98.119   97.047    97.87   98.224   95.817   97.947   96.333      


     9772      227    97.73%        
