      969        0        6        0        2        4        5        1        5        3
        0     1126        3        0        0        0        2        6        0        4
        1        2     1005        3        2        1        1       13        1        0
        1        3        2      992        0        9        1        2        2        5
        1        0        3        0      948        1        2        1        2       11
        1        0        1        1        1      859        5        1        5        4
        3        1        1        1        8        6      937        0        1        1
        1        0        7        5        1        1        0      991        2        7
        2        3        4        6        2        8        4        2      953        4
        1        0        0        2       18        3        0       11        3      970

   98.878   99.207   97.384   98.218   96.538     96.3    97.91   96.401   97.844   96.135      


     9750      249    97.51%        
