      960        0        6        0        3        6        8        1        5        5
        0     1112        4        0        2        2        3       13        3        6
        1        4      984       13        5        4        0       17        4        1
        1        5        4      958        0       15        1        1        9       11
        1        0        4        0      923        2        3        6        8       17
        4        0        0       12        0      841       11        0        4        3
        7        4        6        2       12       10      924        0        8        0
        1        1        9        8        1        1        0      967        3        5
        5        9       13       16        4        7        7        7      926       12
        0        0        2        1       32        4        0       16        4      949

   97.959   97.974   95.349   94.851   93.992   94.283   96.552   94.066   95.072   94.054      


     9544      455    95.45%        
