       97        0        0        0        0        0        0        0        0        1
        0      117        0        0        0        0        0        3        0        0
        0        1       96        0        0        0        0        2        0        0
        0        1        1       95        0        2        0        0        0        0
        0        0        0        0       82        0        0        0        0        1
        0        0        1        2        0       81        0        0        1        2
        1        0        1        0        0        1       95        0        0        1
        0        0        0        1        0        0        0      111        0        0
        0        0        0        0        0        0        0        0       97        0
        0        0        0        0        3        1        0        0        0      102

    98.98   98.319    96.97   96.939   96.471   95.294      100    95.69    98.98   95.327      


      973       27     97.3%        
forward total time 487.398897 [s]

