      967        0        6        0        0        3        6        1        6        4
        0     1126        0        0        1        2        3       12        2        5
        1        3     1000        5        3        1        1       13        4        0
        2        2        3      979        0       17        1        1        5        7
        0        0        2        0      942        2        2        3        6       15
        2        0        2        9        0      852        5        1        7        6
        6        1        4        0       10        8      938        0        2        1
        1        1       10        9        1        1        0      986        5        6
        1        2        5        7        1        3        1        1      933        3
        0        0        0        1       24        3        0       10        4      962

   98.673   99.207   96.899   96.931   95.927   95.516   98.015   95.914   95.791   95.342      


     9685      314    96.86% 
