      967        0        5        0        1        3        6        1        6        4
        0     1126        0        0        1        1        3       11        2        5
        1        3     1001        5        3        1        1       13        2        0
        2        2        3      976        0       15        1        1        5        7
        0        0        2        0      943        2        1        3        5       16
        2        0        2       11        0      856        6        1        9        7
        6        1        4        0        8        6      938        0        2        1
        1        1       10        9        1        1        0      989        3        7
        1        2        5        9        1        4        1        1      936        4
        0        0        0        0       24        3        0        8        4      958

   98.673   99.207   96.996   96.634   96.029   95.964   98.015   96.206   96.099   94.945      


     9690      309    96.91% 
