      967        0        8        1        1        6        8        0        7        4
        0     1126        0        2        1        3        3       18        3        7
        1        3      996        5        3        2        1       15        5        1
        1        2        2      971        0       11        2        1        9        9
        0        0        6        0      940        3        3        4        8       17
        2        0        1        8        0      853        4        0       13        4
        6        2        4        0        9        8      934        0        5        1
        1        1        9       12        3        1        0      965        7        7
        2        1        6        6        2        3        2        1      907        4
        0        0        0        5       23        2        0       24       10      955

   98.673   99.207   96.512   96.139   95.723   95.628   97.597   93.872   93.121   94.648      


     9614      385    96.15%        
