      971        0        8        0        1        3        4        0        2        2
        0     1125        1        0        0        0        3        6        0        4
        0        2     1005        4        5        0        1       12        5        0
        0        2        0      985        0       11        0        6        3        9
        0        0        3        0      944        2        5        2        3        7
        1        0        1        9        0      865        8        1        6       10
        3        1        1        0        8        3      932        0        2        1
        1        2        9        6        2        1        0      985        2        5
        4        3        4        5        1        3        4        3      948        5
        0        0        0        1       21        4        0       13        3      966

   99.082   99.119   97.384   97.525    96.13   96.973   97.388   95.817   97.331   95.738      


     9726      273    97.27%        
