      970        0        5        0        1        3        6        0        8        4
        1     1125        1        1        0        0        3       10        2        7
        1        3     1007        8        3        0        0        8        6        0
        1        3        3      982        0       11        1        0        8        9
        0        1        1        1      953        2        5        2        3       13
        1        0        0        5        0      863        9        0        6        3
        4        2        2        0        7        8      932        0        7        1
        1        1       12        9        3        1        0     1003        7       13
        1        0        1        4        1        3        1        1      921        1
        0        0        0        0       14        1        0        4        6      958

    98.98   99.119   97.578   97.228   97.047   96.749   97.388   97.568   94.559   94.945      


     9714      285    97.15%        
