      964        0        5        2        2        4        9        2        8        6
        1     1121        0        0        1        1        3       14        3        8
        1        5      993       12        5        2        1       16        3        0
        0        2        0      953        0       16        1        5        8       10
        0        0        4        2      941        3        7        6        9       22
        3        1        1        9        0      850       13        1        4        8
        7        2        6        2        9        7      918        0        3        1
        1        0        9        7        1        2        0      966        2        8
        3        4       13       20        2        5        4        3      933        6
        0        0        1        3       21        2        1       15        1      940

   98.367   98.767   96.221   94.356   95.825   95.291   95.925   93.969   95.791   93.162      


     9579      420     95.8%        
