      967        0        6        1        1        4        6        1        6        4
        1     1123        0        0        1        2        3       10        0        8
        1        4      997       10        3        0        1       19        2        0
        1        2        4      975        0        9        1        2        7        9
        0        0        3        0      947        1        4        6        6       12
        2        1        0        1        0      859        8        0        7        2
        6        2        3        0        8        8      930        0        1        1
        1        0        9        7        1        2        0      975        4        3
        1        3       10       13        2        5        4        2      939       10
        0        0        0        3       19        2        0       13        2      960

   98.673   98.943   96.609   96.535   96.436     96.3   97.179   94.844   96.407   95.144      


     9672      327    96.73%        
