      969        0        7        0        2        4        7        2        5        4
        1     1124        0        0        1        1        3       10        0        6
        1        3     1001        6        2        2        0       15        3        0
        1        1        2      974        0        9        0        5        4        9
        0        0        3        1      945        0        2        4        5       11
        2        0        0        4        0      862        8        0        5        2
        4        4        3        1       11        5      931        0        1        1
        1        0        7        8        1        1        0      978        4        5
        1        3        9       14        3        6        6        2      946        8
        0        0        0        2       17        2        0       12        1      963

   98.878   99.031   96.996   96.436   96.232   96.637   97.283   95.136   97.125   95.441      


     9693      306    96.94%        
