      968        0        9        0        2        4        7        1        6        7
        1     1129        3        1        1        2        3       19        2        7
        1        2      996        6        1        1        1       11        4        1
        1        2        1      981        0        8        1        1        8       12
        0        0        2        1      947        2        4        2        5       11
        1        0        0        7        1      859        7        0        6        0
        6        2        5        0       10        8      934        0        4        1
        1        0       10        8        3        1        0      982        7       10
        1        0        5        5        1        4        0        1      926        3
        0        0        1        1       16        3        0       11        6      957

   98.776   99.471   96.512   97.129   96.436     96.3   97.597   95.525   95.072   94.846      


     9679      320     96.8%        
