      968        0        8        1        2        3        6        1        9        6
        1     1125        1        1        0        1        4       16        3        7
        1        3     1000        5        2        1        2       10        6        1
        1        2        2      979        0        9        0        0        6       11
        0        0        0        0      947        2        6        2        5       10
        2        0        0        6        0      863        6        0        6        2
        5        3        4        0        8        6      931        0        5        1
        1        1       11       10        5        1        0      991        7       13
        1        1        5        7        2        4        2        1      920        3
        0        0        1        1       16        2        0        7        7      955

   98.776   99.119   96.899   96.931   96.436   96.749   97.283   96.401   94.456   94.648      


     9679      320     96.8%        
