      969        0       11        0        1        3        7        1        5        3
        1     1124        2        0        1        1        3       19        3        8
        1        3      994        5        3        0        1       13        4        1
        1        2        2      975        0       11        0        1        7        9
        0        1        4        0      946        2        4        2        5       12
        2        0        0        9        1      859        6        0        8        2
        4        3        4        0        9        8      933        0        7        2
        1        1       11       11        5        3        0      982        5        7
        1        1        3        8        2        3        3        1      925        6
        0        0        1        2       14        2        0        9        5      959

   98.878   99.031   96.318   96.535   96.334     96.3   97.492   95.525   94.969   95.045      


     9666      333    96.67%        
