      966        0        8        0        1        4        7        0        6        6
        1     1124        0        0        1        2        3       18        2        7
        1        3      997        7        4        1        1       11        3        1
        1        2        5      968        0        8        1        5       10        6
        0        0        4        1      932        2        5        2        8       16
        4        2        0       14        1      853        5        0       11        7
        6        2        4        0       11       10      935        0        6        1
        1        1        8        8        6        2        0      977        7       11
        0        1        6       10        2        6        0        0      916        6
        0        0        0        2       24        4        0       15        5      948

   98.571   99.031   96.609   95.842   94.908   95.628   97.701   95.039   94.045   93.954      


     9616      383    96.17%        
