      969        0        4        0        1        4        6        1        3        2
        0     1126        0        0        0        0        2       10        0        3
        1        2     1011        6        2        0        0       13        1        0
        0        2        1      990        0       10        1        3        3        7
        1        0        1        1      954        0        1        2        1        7
        1        1        1        3        0      867        3        1        6        5
        5        1        2        0        7        3      941        0        1        1
        1        1        6        4        1        1        0      982        1        2
        2        2        6        4        2        4        3        1      957        3
        0        0        0        2       15        3        0       15        1      979

   98.878   99.207   97.965    98.02   97.149   97.197   98.328   95.525   98.255   97.027      


     9776      223    97.77%        
