      967        0       11        0        1        5        8        1        6        3
        1     1124        1        0        0        2        3       13        3        7
        1        2      997        5        4        1        1       12        4        0
        1        3        0      976        0       16        1        2       13       15
        0        1        3        0      935        3        7        3        8       15
        2        0        0        8        0      847        7        0        8        4
        5        2        6        0       10        7      930        0        4        1
        2        1       11       13        5        2        0      981        6        9
        1        2        3        6        1        4        0        0      916        3
        0        0        0        2       26        5        0       16        6      952

   98.673   99.031   96.609   96.634   95.214   94.955   97.179   95.428   94.045   94.351      


     9625      374    96.26%        
