      967        0        9        1        2        3        7        2        6        5
        1     1126        0        3        1        2        3       16        2        6
        1        4     1000        4        2        0        1        7        4        1
        1        2        2      977        0        9        1        2        4        7
        0        0        1        0      951        2        5        2        8       11
        2        0        0        6        0      858        7        0        8        1
        6        1        4        0        7        8      932        0        3        1
        1        1       11        9        4        1        0      984        8        8
        1        1        5        8        1        6        1        1      927        8
        0        0        0        2       14        3        0       14        4      961

   98.673   99.207   96.899   96.733   96.843   96.188   97.388    95.72   95.175   95.243      


     9683      316    96.84%        
