      970        0        6        0        2        2        5        0        5        4
        0     1123        2        0        0        0        2        9        0        4
        1        2     1007        4        4        0        2        9        1        0
        0        3        1      989        0        9        1        3        1        5
        1        0        2        0      948        0        1        2        1        9
        1        1        1        5        0      873        2        1        6        4
        4        2        2        0        7        2      942        0        1        0
        1        1        7        6        3        1        0      996        2        5
        2        3        4        4        1        3        2        1      956        3
        0        0        0        2       17        2        0        7        1      975

    98.98   98.943   97.578   97.921   96.538    97.87   98.433   96.887   98.152    96.63      


     9779      220     97.8%        
